0, -0.279253, -0.017453, -0.872665
0, -0.191986, 0.680678, 0.052360

实际向外转为负。

对于Matlab:
初始角度：
0, 0.305059, 1.366765, 1.730669

挖掘初始角度：
0, 0.584312, 1.384218， 2.603334

挖掘终止角度：
0, 0.497045, 0.686087, 1.678309


对于Gazebo:
0, -0.279253, -0.017453, -0.872665
0, -0.191986, 0.680678, 0.052360


0, -0.279253, -0.017453, -0.872665
0, -0.278505994, -0.011476999, -0.864746786
0, -0.274198495, 0.022982748, -0.819087552
0, -0.265021498, 0.096398203, -0.721811923
0, -0.251550964, 0.204161705, -0.579025064
0, -0.2356195, 0.3316125, -0.4101525
0, -0.219688036, 0.459063295, -0.241279936
0, -0.206217502, 0.566826797, -0.098493077
0, -0.197040505, 0.640242252, -0.001217448
0, -0.192733006, 0.674701999, 0.044441786
0, -0.191986, 0.680678, 0.05236
